STRT/nIMEI:865374030475548/nHARDWARE:AGPS/nMEAS:Pulse=57bpm,Temp=33.43degC/nLOC:4.362514,50.828415,AGPS/nBATT:79%,3991mV/nSIGNAL:106dBm/nPRESSURE:102293Pa,Temp:32degC/nSTEPS:76/nSTATUS:0xC8/nVERSION:201801161/nREASON:FALL/nTIME:0-0/nOK/n
STRT/nIMEI:865374030475548/nHARDWARE:AGPS/nMEAS:Pulse=57bpm,Temp=33.43degC/nLOC:4.362514,50.828415,AGPS/nBATT:79%,4003mV/nSIGNAL:108dBm/nPRESSURE:102284Pa,Temp:32degC/nSTEPS:573/nSTATUS:0xC8/nVERSION:201801161/nREASON:FALL/nTIME:0-0/nOK/n